-0.185992438529
-0.175976530104
-0.125970014434
-0.125943148037
-0.115945503461
-0.115958920501
-0.115986044553
-0.115941512664
-0.125958002721
-0.12593827722
-0.115981215859
-0.115915406085
-0.115972672825
-0.116005226165
-0.125969245226
-0.125987094143
-0.115922646797
-0.115924362552
-0.115968351735
-0.115939061824
-0.125967831698
-0.125999084616
-0.115976228534
-0.115933110069
-0.11597905888
-0.11599916458
-0.125994300078
-0.125977501937
-0.115909240517
-0.115947436769
-0.116004993755
-0.11593805581
-0.125951034088
-0.125905691893
-0.115967155828
-0.115944679436
-0.115984576041
-0.115957270188
-0.125955929023
-0.125950435734
-0.115998267958
-0.115914792177
-0.115942334967
-0.115969787019
-0.125975390923
-0.125949492722
-0.115971776018
-0.115973601193
-0.115986857809
-0.115969760098
-0.125989950845
-0.125927960256
-0.116000423946
-0.115926112936
-0.115957782686
-0.115962119302
-0.126002296165
-0.125945559087
-0.115986593527
-0.115931569431
-0.115942739239
-0.115918081124
-0.125932559818
-0.126005276809
-0.115990075089
-0.11591167398
-0.115908054247
-0.115932010013
-0.125954413512
-0.125972861817
-0.11591757649
-0.115949632928
-0.115919991205
-0.115936442277
-0.125990114717
-0.125953401275
-0.11598741533
-0.115943576106
-0.115968375855
-0.115976960039
-0.12593069222
-0.125983588778
-0.115988110117
-0.116003142935
-0.115997940683
-0.115994842565
-0.125999562433
-0.125969334374
-0.115936695781
-0.116004835703
-0.115913461417
-0.115906596788
-0.125973172697
-0.126005039592
-0.115979518737
-0.115908852246
-0.115907121747
-0.115906417298
-0.125997776087
-0.125952896952
-0.115954144347
-0.115910155488
-0.115981898736
-0.115956004963
-0.125917146348
-0.125968383026
-0.115992108768
-0.115952442399
-0.115936127989
-0.115912684374
-0.125954506689
-0.125995433219
-0.115933414043
-0.115954836441
-0.115993995118
-0.115908284561
-0.125924860742
-0.125911010028
-0.115997524696
-0.115910382926
-0.115930155007
-0.156004049289
-0.175960322
-0.136002443243
-0.125987136453
-0.125962862826
-0.115980203889
-0.115921679099
-0.116001315962
-0.115957885354
-0.125946157539
-0.125991294676
-0.115922331275
-0.115930942695
-0.115929808736
-0.115969156804
-0.125920030597
-0.125931843164
-0.115967438949
-0.115912429485
-0.115998269197
-0.115960115195
-0.125966763994
-0.125930830872
-0.11597536247
-0.115993536864
-0.115921132129
-0.116000439766
-0.125912816559
-0.125960543998
-0.115928960543
-0.115956435192
-0.116000235987
-0.115942669662
-0.115992235504
-0.115947169568
-0.156002127783
-0.145910553434
-0.105998700264
-0.125925203789
-0.125977036001
-0.12590893851
-0.145950465497
-0.145925882705
-0.145902161031
-0.145926210418
-0.125994018182
-0.115968979767
-0.116004928654
-0.115936691342
-0.105956601972
-0.115916912682
-0.115943876024
-0.11595817838
-0.12599082734
-0.12595293619
-0.115948039613
-1.09592097235
-1.13596571345
-0.226567339256
-0.246604717768
-0.206534931836
-0.206546370506
-0.196505638976
-0.206551680855
-0.206587503807
-0.206559526318
-0.206549721973
-0.206585878923
-0.206571375396
-0.206515335172
-0.206513063051
-0.206532896704
-0.206576787983
-0.206561234419
-0.206514514587
-0.206560565346
-0.206575411781
-0.206503282173
-0.206502082691
-0.206533518981
-0.206537982462
-0.206565098766
-0.206511727683
-0.206508936575
-0.206555702642
-0.206499158764
-0.206561360509
-0.206572692216
-0.206491600003
-0.206499939444
-0.206573479303
-0.206550600217
-0.206533045619
-0.20650611443
-0.206557880619
-0.206533366124
-0.206495845297
-0.206540279505
-0.206555862538
-0.206531184475
-0.206584061472
-0.206541147966
-0.206489541666
-0.206495342779
-0.206528209017
-0.206547820169
-0.206510567457
-0.206501369652
-0.206536638846
-0.206526797991
-0.206505220617
-0.206542038577
-0.206525362406
-0.206551461277
-0.206518503057
-0.206570247128
-0.20658161507
-0.20656210775
-0.206514204491
-0.206520180196
-0.206552236981
-0.206560990157
-0.206573351074
-0.206543454453
-0.206525192242
-0.206580268751
-0.206544968416
-0.206555394721
-0.206573053004
-0.206583854333
-0.206555074021
-0.206513805207
-0.206511461846
-0.206555552418
-0.206580335006
-0.206491332235
-0.206552672997
-0.206536415739
-0.206506801133
-0.206532597776
-0.206579429129
-0.206495368294
-0.206537449767
-0.206532431443
-0.206579959504
-0.206538167869
-0.206576958726
-0.2065061854
-0.206582512425
-0.206518168814
-0.206535215825
-0.206536742971
-0.206556773652
-0.206517982016
-0.206499142199
-0.206549416349
-0.206493820637
-0.206501669252
-0.206506420341
-0.206574094187
-0.206539219923
-0.206504521511
-0.206490868106
-0.206542769414
-0.206511336889
-0.206507313049
-0.20655422863
-0.206529112471
-0.196549918808
-0.196555103731
-0.186544023903
-0.186573204768
-0.206543660359
-0.206530673557
-0.206559074369
-0.206560589867
-0.186552215474
-0.19652643867
-0.196536741927
-0.206548942104
-0.20654152453
-0.206603924011
-0.206542829216
-0.206520792143
-0.206556668962
-0.206493078158
-0.186513138305
-0.206526147476
-0.206526804285
-0.216538149266
-0.216528269549
-0.216571428093
-0.206555672888
-0.216577715842
-0.186525177135
-0.206494003906
-1.14655275334
-1.14652003856
-1.14648987807
-1.14650462118
-1.14654052833
-1.14657819642
-1.14652801514
-1.14651506887
-1.14655113175
-1.15650210488
-1.15657780126
-1.15654800693
-1.15655980818
-1.15657270887
-1.156494532
-1.15655002471
-1.15654913608
-1.15651254741
-1.15653448791
-1.15655909756
-1.15654109642
-1.1565498437
-1.15658744534
-1.15658518694
-1.15657174192
-1.15649342457
-1.15651460358
-1.15653370728
-1.15652489963
-1.15655658725
-1.15648918491
-1.15658723233
-1.15658693897
-1.15652644737
-1.15652370622
-1.15657103956
-1.15650842923
-1.15656745567
-1.15649136446
-1.15649256639
-1.15658326606
-1.15655941653
-1.15654080644
-1.15655150468
-1.15650715406
-1.15653326351
-1.15656658244
-1.1564919652
-1.15651358073
-1.15654260363
-1.15650609841
-1.15655360409
-1.15656546105
-1.15650825327
-1.15653696645
-1.15653756075
-1.15650646905
-1.15654743223
-1.15652939586
-1.15651911446
-1.15650366378
-1.1565730808
-1.15656561925
-1.15652281041
-1.15653814236
-1.15653892348
-1.15655709344
-1.15657054033
-1.15658590593
-1.1564958959
-1.1565285202
-1.15654058153
-1.1564906928
-1.15658592912
-1.15656870282
-1.15656794841
-1.15652758919
-1.15650584551
-1.1565149694
-1.1565883591
-1.15657244576
-1.15655514093
-1.15657896522
-1.15657066834
-1.15652825205
-1.15652812206
-1.15653220088
-1.15658675169
-1.1564985165
-1.15650770525
-1.15651993765
-1.15656180674
-1.15655948995
-1.15655298982
-1.1566109635
-1.14660808338
-1.14654853047
-1.14650067999
-1.14655929827
-1.14650109186
-1.14656250974
-1.14658379414
-1.14658482475
-1.14658022468
-1.14650418367
-1.14652621247
-1.14655000351
-1.14654957469
-1.14658743449
-1.14651078051
-1.14658105996
-1.1465352639
-1.14655393136
-1.14650835418
-1.14649336884
-1.15657676581
-1.15650352954
-1.15657565973
-1.15652971058
-1.15654505462
-1.15652806838
-1.15656872242
-1.15652434826
-1.15655855975
-1.15656842939
-1.15651306901
-1.15651297401
-1.1565003128
-1.15655365428
-1.15655746119
-1.15654233329
-1.15650443232
-1.15654248224
-1.15655094103
-1.15650788518
-1.15652608842
-1.15656144868
-1.15657719399
-1.15656538681
-1.15652842461
-1.15653533887
-1.15649348144
-1.15649010302
-1.15652166872
-1.15657403746
-1.15658776655
-1.15656543536
-1.15655168444
-1.15649502924
-1.15656057866
-1.15654440832
-1.15650380299
-1.15654433712
-1.15651515996
-1.15650811096
-1.15650808599
-1.15649958716
-1.15654325585
-1.15651427447
-1.15649168227
-1.15654270953
-1.15654196875
-1.15653008817
-1.15655963272
-1.15651396954
-1.15653369526
-1.1565255581
-1.15651338987
-1.15655441774
-1.15657231181
-1.15658768777
-1.15650923515
-1.15650255365
-1.15654760294
-1.15651677747
-1.15651270504
-1.15650707837
-1.15651459579
-1.15651656557
-1.15655952367
-1.15655973194
-1.15656609979
-1.15657828232
-1.15651908945
-1.15657550687
-1.15650374202
-1.15649567709
-1.15652394102
-1.15649732141
-1.15650849061
-1.15652562806
-1.1565725901
-1.15652420944
-1.15651584731
-1.1565133086
-1.15656729905
-1.156500612
-1.15657534774
-1.1565280014
-1.15649724024
-1.15651343322
-1.15650410788
-1.156587403
-1.15651190077
-1.15657360565
-1.15652815638
-1.15652356488
-1.1565757773
-1.15652450653
-1.15653068392
-1.15653125933
-1.15656011973
-1.15651848533
-1.15650456197
-1.15658155086
-1.16656207672
-1.16649274953
-1.16656305458
-1.16650460939
-1.16655916059
-1.16649636529
-1.16658104455
-1.16650159634
-1.16654047787
-1.16653304996
-1.16656792335
-1.16654919829
-1.16654519534
-1.1665182798
-1.16658078895
-1.1665815505
-1.16657369323
-1.16651655807
-1.1665665678
-1.16649910874
-1.16656193685
-1.16651067816
-1.16649067764
-1.16657488446
-1.16651676034
-1.16655117119
-1.16649391594
-1.16653039275
-1.16652543158
-1.16649164192
-1.16660554466
-1.14658171045
-1.14650236487
-1.1464893554
-1.14657867656
-1.14652145304
-1.1465754227
-1.14658407887
-1.14656193799
-1.14650991053
-1.14658011736
-1.14651619251
-1.14654455541
-1.14652010417
-1.14652498459
-1.14656048742
-1.1465494367
-1.14657398764
-1.14655143821
-1.14653296774
-1.14653412662
-1.14658033484
-1.14657486654
-1.14657137883
-1.14656875442
-1.14652097255
-1.14658448444
-1.14657525516
-1.14656828018
-1.14649203948
-1.14648886763
-1.14658843983
-1.14650705155
-1.14657584559
-1.1465145583
-1.14655985007
-1.14657975694
-1.1465676521
-1.14653491665
-1.14649466147
-1.14656047713
-1.14655110427
-1.14655466151
-1.14651182222
-1.14649624188
-1.14653159624
-1.14650328914
-1.14658456823
-1.1465081292
-1.14652052763
-1.146567293
-1.14657910865
-1.14654367518
-1.1465842836
-1.14651929445
-1.14655386026
-1.1465759626
-1.1465228441
-1.14658213212
-1.14651483655
-1.14654221701
-1.14653229908
-1.14655371864
-1.14657900577
-1.14656707271
-1.14650783663
-1.14656711223
-1.14656620673
-1.14649232404
-1.14652651202
-1.14656730261
-1.14658158252
-1.14650173069
-1.14652552383
-1.1465382582
-1.1465770306
-1.14650819909
-1.14652619085
-1.14649957439
-1.14656605997
-1.14650805108
-1.14655827753
-1.14650299143
-1.14649530426
-1.14656418616
-1.14652386835
-1.14652157876
-1.14653183376
-1.14650901599
-1.14657707051
-1.146519704
-1.14657091186
-1.14651423311
-1.14649082927
-1.14656458431
-1.14657751194
-1.14656510918
-1.14655724281
-1.14654871237
-1.14653523266
-1.14655797794
-1.1465439451
-1.14651788006
-1.14651473387
-1.14650322364
-1.14649341912
-1.14649590125
-1.14655477143
-1.14658255999
-1.14649619107
-1.14656756739
-1.14658200515
-1.14649158021
-1.14649970319
-1.14652224535
-1.14653717228
-1.14654397575
-1.14650913125
-1.14655701084
-1.14650894582
-1.14651387091
-1.14653535387
-1.14656131329
-1.14657338739
-1.14656848202
-1.14654723266
-1.14654032593
-1.1465487599
-1.14653298778
-1.14655616098
-1.14652853142
-1.1465275945
-1.14651523891
-1.14650161949
-1.14651198368
-1.14651373185
-1.14654573173
-1.14654497138
-1.14655509818
-1.14655881241
-1.14653870069
-1.14653939505
-1.14655237734
-1.14651510675
-1.1465537206
-1.14658446865
-1.14651605748
-1.14650846709
-1.14655742315
-1.14653362489
-1.14656723862
-1.1465787478
-1.14654986287
-1.14659611126
-1.18656886456
-1.14654458756
-1.14651297464
