-0.0349591682771
-0.0349591682771
-1.02495916828
-1.02495916828
-1.02495916828
-1.02495916828
-1.02495916828
-1.02495916828
-1.02495916828
-1.02495916828
-1.02495916828
-1.02495916828
-1.02495916828
-1.02495916828
-1.02495916828
-1.02495916828
-1.02495916828
-1.02495916828
-1.02495916828
-1.02495916828
-1.02495916828
-1.02495916828
-1.02495916828
-1.02495916828
-1.02495916828
-1.02495916828
-1.02495916828
-1.02495916828
-1.02495916828
-1.02495916828
-1.02495916828
-1.02495916828
-1.02495916828
-1.02495916828
-1.02495916828
-1.02495916828
-1.02495916828
-1.02495916828
-1.02495916828
-1.02495916828
-1.02495916828
-1.02495916828
-1.02495916828
-1.02495916828
-1.02495916828
-1.02495916828
-1.02495916828
-1.02495916828
-1.02495916828
-1.02495916828
-1.02495916828
-1.02495916828
-1.02495916828
-1.02495916828
-0.0418408104668
-0.0418408104668
-1.03184081047
-1.03184081047
-1.03184081047
-1.03184081047
-1.03184081047
-1.03184081047
-1.03184081047
-1.03184081047
-1.03184081047
-1.03184081047
-1.03184081047
-1.03184081047
-1.03184081047
-1.03184081047
-1.03184081047
-1.03184081047
-1.03184081047
-1.03184081047
-1.03184081047
-1.03184081047
-1.03184081047
-1.03184081047
-1.03184081047
-1.03184081047
-1.03184081047
-1.03184081047
-1.03184081047
-1.03184081047
-1.03184081047
-1.03184081047
-1.03184081047
-1.03184081047
-1.03184081047
-1.03184081047
-1.03184081047
-1.03184081047
-1.03184081047
-1.03184081047
-1.03184081047
-1.03184081047
-1.03184081047
-1.03184081047
-1.03184081047
-1.03184081047
-1.03184081047
-1.03184081047
-1.03184081047
-1.03184081047
-1.03184081047
-1.03184081047
-1.03184081047
-1.03184081047
-1.03184081047
-1.03184081047
-0.0325148529995
-0.0325148529995
-1.022514853
-1.022514853
-1.022514853
-1.022514853
-1.022514853
-1.022514853
-1.022514853
-1.022514853
-1.022514853
-1.022514853
-1.022514853
-1.022514853
-1.022514853
-1.022514853
-1.022514853
-1.022514853
-1.022514853
-1.022514853
-1.022514853
-1.022514853
-1.022514853
-1.022514853
-1.022514853
-1.022514853
-1.022514853
-1.022514853
-1.022514853
-1.022514853
-1.022514853
-1.022514853
-1.022514853
-1.022514853
-1.022514853
-1.022514853
-1.022514853
-1.022514853
-1.022514853
-1.022514853
-1.022514853
-1.022514853
-1.022514853
-1.022514853
-1.022514853
-1.022514853
-1.022514853
-1.022514853
-1.022514853
-1.022514853
-1.022514853
-1.022514853
-1.022514853
-1.022514853
-1.022514853
-1.022514853
-1.022514853
-1.022514853
-1.022514853
-1.022514853
-1.022514853
-1.022514853
-1.022514853
-1.022514853
-1.022514853
-1.022514853
-1.022514853
-1.022514853
-1.022514853
-1.022514853
-1.022514853
-1.022514853
-1.022514853
-1.022514853
-1.022514853
-1.022514853
-1.022514853
-1.022514853
-1.022514853
-1.022514853
-1.022514853
-1.022514853
-1.022514853
-1.022514853
-1.022514853
-1.022514853
-1.022514853
-1.022514853
-1.022514853
-1.022514853
-1.022514853
-1.022514853
-1.022514853
-1.022514853
-1.022514853
-1.022514853
-1.022514853
-1.022514853
-1.022514853
-1.022514853
-1.022514853
-1.022514853
-1.022514853
-1.022514853
-1.022514853
-1.022514853
-1.022514853
-1.022514853
-1.022514853
-0.0283833004942
-0.0283833004942
-0.0283833004942
-0.0283833004942
-0.0283833004942
-0.0283833004942
-0.0283833004942
-0.0283833004942
-0.0283833004942
-0.0283833004942
-1.01838330049
-1.01838330049
-1.01838330049
-1.01838330049
-1.01838330049
-1.01838330049
-1.01838330049
-1.01838330049
-1.01838330049
-1.01838330049
-1.01838330049
-1.01838330049
-1.01838330049
-1.01838330049
-1.01838330049
-1.01838330049
-1.01838330049
-1.01838330049
-1.01838330049
-0.0183833004942
-0.0183833004942
-0.0183833004942
-0.0183833004942
-1.01838330049
-1.01838330049
-1.01838330049
-1.01838330049
-1.01838330049
-1.01838330049
-1.01838330049
-1.01838330049
-1.01838330049
-1.01838330049
-1.01838330049
-1.01838330049
-1.01838330049
-1.01838330049
-1.01838330049
-1.01838330049
-1.01838330049
-1.01838330049
-1.01838330049
-1.01838330049
-1.01838330049
-1.01838330049
-1.01838330049
-1.01838330049
-1.01838330049
-1.01838330049
-1.01838330049
-1.01838330049
-1.01838330049
-1.01838330049
-1.01838330049
-1.01838330049
-1.01838330049
-1.01838330049
-1.01838330049
-1.01838330049
-1.01838330049
-1.01838330049
-1.01838330049
-1.01838330049
-1.01838330049
-1.01838330049
-1.01838330049
-1.01838330049
-1.01838330049
-1.01838330049
-1.01838330049
-1.01838330049
-1.01838330049
-1.01838330049
-1.01838330049
-1.01838330049
-1.01838330049
-1.01838330049
-1.01838330049
-1.01838330049
-1.01838330049
-1.01838330049
-1.01838330049
-1.01838330049
-1.01838330049
-1.01838330049
-1.01838330049
-1.01838330049
-0.0183833004942
-0.0183833004942
-0.0183833004942
-1.01838330049
-1.01838330049
-1.01838330049
-1.01838330049
-1.01838330049
-1.01838330049
-0.0183833004942
-0.0183833004942
-0.0183833004942
-0.0183833004942
-0.0259204052334
-0.0259204052334
-1.01592040523
-1.01592040523
-1.01592040523
-1.01592040523
-0.0159204052334
-0.0159204052334
-0.0159204052334
-0.0159204052334
-1.01592040523
-1.01592040523
-1.01592040523
-1.01592040523
-1.01592040523
-1.01592040523
-1.01592040523
-1.01592040523
-1.01592040523
-1.01592040523
-1.01592040523
-1.01592040523
-1.01592040523
-1.01592040523
-1.01592040523
-1.01592040523
-1.01592040523
-1.01592040523
-1.01592040523
-1.01592040523
-1.01592040523
-1.01592040523
-1.01592040523
-1.01592040523
-1.01592040523
-1.01592040523
-1.01592040523
-1.01592040523
-1.01592040523
-1.01592040523
-1.01592040523
-1.01592040523
-1.01592040523
-1.01592040523
-1.01592040523
-1.01592040523
-1.01592040523
-1.01592040523
-1.01592040523
-1.01592040523
-1.01592040523
-1.01592040523
-1.01592040523
-1.01592040523
-1.01592040523
-1.01592040523
-0.0242396433325
-0.0242396433325
-1.01423964333
-1.01423964333
-1.01423964333
-1.01423964333
-1.01423964333
-1.01423964333
-1.01423964333
-1.01423964333
-1.01423964333
-1.01423964333
-1.01423964333
-1.01423964333
-1.01423964333
-1.01423964333
-1.01423964333
-1.01423964333
-1.01423964333
-1.01423964333
-1.01423964333
-1.01423964333
-1.01423964333
-1.01423964333
-1.01423964333
-1.01423964333
-1.01423964333
-1.01423964333
-1.01423964333
-1.01423964333
-1.01423964333
-1.01423964333
-1.01423964333
-1.01423964333
-1.01423964333
-1.01423964333
-1.01423964333
-1.01423964333
-1.01423964333
-1.01423964333
-1.01423964333
-1.01423964333
-1.01423964333
-1.01423964333
-1.01423964333
-1.01423964333
-1.01423964333
-1.01423964333
-1.01423964333
-1.01423964333
-1.01423964333
-1.01423964333
-1.01423964333
-1.01423964333
-1.01423964333
-1.01423964333
-1.01423964333
-1.01423964333
-1.01423964333
-1.01423964333
-1.01423964333
-1.01423964333
-0.02299895644
-0.02299895644
-0.02299895644
-0.02299895644
-1.01299895644
-1.01299895644
-1.01299895644
-1.01299895644
-1.01299895644
-1.01299895644
-1.01299895644
-1.01299895644
-1.01299895644
-1.01299895644
-1.01299895644
-1.01299895644
-1.01299895644
-1.01299895644
-1.01299895644
-1.01299895644
-1.01299895644
-1.01299895644
-1.01299895644
-1.01299895644
-1.01299895644
-1.01299895644
-1.01299895644
-1.01299895644
-1.01299895644
-1.01299895644
-1.01299895644
-1.01299895644
-1.01299895644
-1.01299895644
-1.01299895644
-1.01299895644
-1.01299895644
-1.01299895644
-1.01299895644
-1.01299895644
-1.01299895644
-1.01299895644
-1.01299895644
-1.01299895644
-1.01299895644
-1.01299895644
-1.01299895644
-1.01299895644
-1.01299895644
-1.01299895644
-1.01299895644
-1.01299895644
-0.0220346951483
-0.0220346951483
-0.0220346951483
-0.0220346951483
-0.0220346951483
-0.0220346951483
-0.0220346951483
-0.0220346951483
-1.01203469515
-1.01203469515
-1.01203469515
-1.01203469515
-1.01203469515
-1.01203469515
-1.01203469515
-1.01203469515
-1.01203469515
-1.01203469515
-1.01203469515
-1.01203469515
-1.01203469515
-1.01203469515
-1.01203469515
-1.01203469515
-1.01203469515
-1.01203469515
-1.01203469515
-1.01203469515
-1.01203469515
-1.01203469515
-1.01203469515
-1.01203469515
-1.01203469515
-1.01203469515
-1.01203469515
-1.01203469515
-1.01203469515
-1.01203469515
-1.01203469515
-1.01203469515
-1.01203469515
-1.01203469515
-1.01203469515
-1.01203469515
-1.01203469515
-1.01203469515
-1.01203469515
-1.01203469515
-1.01203469515
-1.01203469515
-1.01203469515
-1.01203469515
-1.01203469515
-1.01203469515
-1.01203469515
-1.01203469515
-1.01203469515
-1.01203469515
-1.01203469515
-1.01203469515
-1.01203469515
-1.01203469515
-1.01203469515
-1.01203469515
-1.01203469515
-1.01203469515
-1.01203469515
-1.01203469515
-1.01203469515
-1.01203469515
-1.01203469515
-1.01203469515
-1.01203469515
-1.01203469515
-1.01203469515
-1.01203469515
-1.01203469515
-1.01203469515
-1.01203469515
-1.01203469515
-1.01203469515
-1.01203469515
-1.01203469515
-1.01203469515
-1.01203469515
-1.01203469515
-1.01203469515
-1.01203469515
-1.01203469515
-1.01203469515
-1.01203469515
-1.01203469515
-1.01203469515
-1.01203469515
-1.01203469515
-1.01203469515
-1.01203469515
-1.01203469515
-1.01203469515
-1.01203469515
-1.01203469515
-1.01203469515
-1.01203469515
-1.01203469515
-1.01203469515
-1.01203469515
-1.01203469515
-1.01203469515
-1.01203469515
-1.01203469515
-1.01203469515
-1.01203469515
-1.01203469515
-0.0212574264998
-0.0212574264998
-1.0112574265
-1.0112574265
-1.0112574265
-1.0112574265
-1.0112574265
-1.0112574265
-1.0112574265
-1.0112574265
-1.0112574265
-1.0112574265
-1.0112574265
-1.0112574265
-1.0112574265
-1.0112574265
-1.0112574265
-1.0112574265
-1.0112574265
-1.0112574265
-1.0112574265
-1.0112574265
-1.0112574265
-1.0112574265
-1.0112574265
-1.0112574265
-1.0112574265
-1.0112574265
-1.0112574265
-1.0112574265
-1.0112574265
-1.0112574265
-1.0112574265
-1.0112574265
-1.0112574265
-1.0112574265
-1.0112574265
-1.0112574265
-1.0112574265
-1.0112574265
-1.0112574265
-1.0112574265
-1.0112574265
-1.0112574265
-1.0112574265
-1.0112574265
-1.0112574265
-1.0112574265
-1.0112574265
-1.0112574265
-1.0112574265
-0.0206136034889
-0.0206136034889
-0.0206136034889
-0.0206136034889
-1.01061360349
-1.01061360349
-1.01061360349
-1.01061360349
-1.01061360349
-1.01061360349
-1.01061360349
-1.01061360349
-1.01061360349
-1.01061360349
-1.01061360349
-1.01061360349
-1.01061360349
-1.01061360349
-1.01061360349
-1.01061360349
-1.01061360349
-0.0106136034889
-0.0106136034889
-1.01061360349
-1.01061360349
-1.01061360349
-1.01061360349
-0.0106136034889
-0.0106136034889
-0.0106136034889
-0.0106136034889
-1.01061360349
-1.01061360349
-1.01061360349
-1.01061360349
-1.01061360349
-1.01061360349
-1.01061360349
-1.01061360349
-1.01061360349
-1.01061360349
-1.01061360349
-1.01061360349
-1.01061360349
-1.01061360349
-1.01061360349
-1.01061360349
-1.01061360349
-1.01061360349
-1.01061360349
-1.01061360349
-1.01061360349
-1.01061360349
-1.01061360349
-1.01061360349
